   1.0000000e+00   6.8979269e-02  -5.8005078e-01  -1.7293123e+00  -4.2772343e-01   2.4221293e-01  -1.2263399e+00
   2.0000000e+00  -1.2101264e+00   3.4489906e-01  -1.7327624e+00   2.0439900e+00  -3.5033298e-01   8.8973817e-02
   2.0000000e+00  -7.9751305e-01  -2.5293251e-01  -1.3078936e+00  -3.3696363e-01   7.1510246e-01  -2.1628504e+00
   2.0000000e+00  -4.8082392e-01  -1.0079119e-01   1.4635346e+00   7.3280980e-02  -6.3412380e-01   2.0998949e+00
   1.0000000e+00   3.1916526e-01   6.7017772e-01   1.6782668e+00  -1.6572604e+00   8.7156124e-01   2.4006626e-02
   1.0000000e+00  -7.1773971e-01   3.3018564e-01   4.5233480e-01  -1.6350449e-01   4.6887042e-01  -6.8979431e-01
   1.0000000e+00  -1.1899211e-01   1.2364686e-01  -2.7462566e-01  -1.5353865e+00   8.5088589e-02   9.6525609e-01
   2.0000000e+00  -1.0609110e+00   5.1629447e-03   8.7045314e-01  -4.8320883e-01  -4.2570026e-01  -1.3567598e-01
   2.0000000e+00   3.1054447e-01   1.6505784e+00  -4.5451239e-01   8.4336252e-01  -1.4679600e+00  -1.7849358e-01
   2.0000000e+00   1.5105480e-01   4.0467368e-01   8.6978663e-01   4.5872155e-01  -4.6167593e-01  -1.9968144e+00
   2.0000000e+00   1.0186342e+00  -8.2535881e-01  -3.7369561e-01  -5.1167908e-01  -7.8293289e-01  -1.7537199e+00
   1.0000000e+00  -3.1895270e-01   1.0769577e+00  -1.3497945e+00   4.3853310e-01   7.2708186e-01   2.4238069e+00
   1.0000000e+00   6.5680732e-01   4.8159726e-02  -4.7691047e-01   8.0401353e-01   1.0388676e-01  -6.4938012e-01
   2.0000000e+00   3.8429341e-01  -3.5495845e-01  -5.4241162e-01   2.5196801e-01  -5.2395471e-01  -1.9493022e-01
   2.0000000e+00  -5.2078170e-01  -3.2945898e-02  -7.4169320e-01  -5.0885336e-01  -1.1290749e+00   1.4985670e+00
